146
142
139
145
143
143
140
137
138
142
145
146
142
142
144
142
141
132
133
139
138
137
135
133
135
135
133
133
130
123
127
131
130
128
124
122
128
131
130
130
127
126
127
127
126
121
115
109
110
114
116
117
117
116
108
112
109
97
91
100
104
107
110
100
143
136
139
143
141
141
139
135
138
141
143
142
137
137
137
138
137
131
130
135
134
132
130
127
128
130
130
128
124
121
123
126
124
125
120
121
124
127
125
124
118
117
121
122
120
115
109
105
103
103
109
111
117
121
106
108
106
93
90
102
104
105
107
100
138
127
135
137
138
140
139
137
139
139
139
136
132
133
133
136
135
132
132
136
135
132
128
126
129
129
126
128
119
115
119
120
119
119
116
115
120
121
118
116
103
105
119
122
118
112
103
101
100
99
102
106
115
120
109
104
100
88
91
99
102
103
105
105
138
130
132
135
137
139
138
138
138
136
134
129
126
127
130
136
132
129
135
136
137
130
123
122
126
121
116
119
112
109
111
110
109
107
100
110
114
114
112
107
97
107
117
123
117
108
99
98
95
89
97
100
110
112
106
102
96
85
91
97
101
107
111
111
135
129
133
134
137
140
135
135
135
133
129
123
120
121
122
122
117
116
126
126
126
113
101
101
106
100
103
109
101
97
100
103
102
99
98
111
113
111
109
104
102
108
116
120
114
105
99
99
95
91
96
101
110
109
107
104
97
89
97
101
106
111
115
117
127
125
134
132
132
132
123
125
123
121
121
118
114
111
108
106
100
98
111
113
107
101
92
92
96
97
102
108
96
93
97
99
98
96
99
109
112
110
107
106
107
110
115
118
114
101
97
103
102
98
100
104
114
118
113
107
102
103
106
108
111
114
116
124
112
112
122
118
116
113
107
105
106
110
111
107
106
104
100
98
94
95
105
111
103
95
91
90
96
97
100
104
99
96
97
97
96
95
92
115
118
113
110
108
110
112
116
121
120
105
101
106
105
103
100
103
122
126
118
105
102
107
110
112
114
116
118
125
89
93
102
104
105
104
97
92
102
108
106
100
104
104
96
92
86
91
105
115
109
97
93
93
96
93
100
105
104
102
102
99
97
98
100
123
125
119
115
112
115
116
118
126
126
115
111
110
109
105
100
104
125
127
120
109
108
110
115
119
119
122
123
128
87
91
93
100
104
102
100
103
108
110
112
107
106
104
97
92
89
92
105
117
110
98
96
98
102
102
109
115
110
109
106
104
103
101
108
122
127
127
122
118
119
121
124
129
126
122
119
115
115
108
106
113
124
128
123
117
115
116
120
124
126
127
129
137
93
97
100
108
107
105
106
110
109
111
112
106
107
104
99
96
94
97
106
113
108
98
97
105
107
107
116
124
120
118
115
112
111
109
116
126
127
127
124
123
122
126
128
129
128
127
125
122
120
118
115
117
128
132
132
126
120
122
125
129
134
131
135
147
105
107
108
109
109
105
110
116
114
114
112
108
109
107
101
99
99
103
110
117
111
103
105
113
112
114
121
123
123
121
118
116
116
110
120
127
130
130
127
127
127
128
134
134
130
131
131
128
130
129
121
126
137
143
146
138
141
150
153
155
158
163
171
176
111
112
112
111
110
105
115
121
119
117
112
112
114
115
113
102
102
110
115
118
115
107
111
116
118
122
123
120
121
123
123
125
125
117
127
131
134
135
132
132
138
139
142
142
136
138
138
137
145
142
138
149
157
163
163
165
180
191
204
209
199
208
223
218
115
115
112
114
114
111
120
122
122
118
114
115
125
121
117
109
108
122
124
121
118
111
115
123
124
126
123
121
124
126
125
128
129
126
135
138
141
144
136
136
148
151
154
156
149
157
165
171
181
179
195
213
207
215
210
204
227
226
232
225
203
209
210
201
122
121
119
122
120
118
127
126
123
119
116
116
126
125
122
120
121
125
128
128
124
120
124
130
132
134
126
120
125
127
125
132
136
140
147
148
153
156
153
167
177
186
190
188
192
208
219
225
238
228
247
249
235
232
213
197
197
190
185
170
148
144
135
130
127
128
129
128
123
122
128
127
124
119
119
122
127
128
126
125
128
130
132
133
132
128
130
132
130
127
115
111
114
117
125
140
156
168
178
185
193
194
197
227
233
238
237
215
222
233
237
235
219
196
206
193
173
163
137
128
130
120
113
107
105
107
104
111
131
133
132
129
123
121
126
130
126
121
125
124
127
129
127
129
132
134
134
139
138
134
140
139
126
109
88
87
86
93
115
153
194
223
231
235
235
222
222
242
231
221
209
187
188
176
163
159
137
115
116
106
104
109
96
94
99
103
106
108
119
126
127
134
134
135
130
124
118
123
129
129
129
129
135
131
131
135
133
142
145
152
158
160
155
165
183
171
125
89
72
64
57
69
97
157
208
230
220
214
201
175
167
167
153
142
128
109
111
104
100
103
93
94
101
101
113
122
128
132
133
138
139
138
146
146
150
152
135
131
125
118
118
131
143
148
144
144
153
155
170
180
172
181
199
204
208
205
192
204
218
182
124
83
65
53
54
62
63
94
146
144
129
126
112
103
100
101
96
96
95
100
117
120
123
129
131
137
135
138
142
143
146
152
157
156
151
154
160
161
163
160
142
137
140
148
155
166
180
187
183
188
207
213
223
221
208
220
233
226
229
217
187
190
188
143
119
98
57
45
47
52
54
50
72
91
97
105
97
98
109
125
129
128
124
143
149
147
157
147
149
158
153
154
152
151
157
158
160
158
157
161
166
169
168
162
178
185
191
192
206
214
230
228
214
219
229
230
225
210
196
201
194
173
169
149
130
142
141
123
112
98
72
51
49
48
52
53
56
95
132
137
133
139
145
146
152
154
152
167
163
159
164
156
158
165
162
160
157
156
165
163
162
161
160
165
167
167
164
163
220
231
226
207
223
222
214
201
177
178
171
161
154
139
122
119
117
109
99
83
97
128
132
129
126
116
83
55
52
53
56
58
68
116
157
151
148
156
157
156
161
156
156
160
160
159
157
152
161
166
166
165
161
162
167
165
161
159
164
167
167
165
158
162
205
199
191
166
157
149
138
127
111
108
101
97
100
95
96
104
116
122
117
111
119
135
129
117
113
115
97
80
75
68
78
85
87
136
166
158
155
161
161
160
161
155
160
163
164
163
161
163
168
170
169
165
164
164
166
167
160
159
165
165
165
161
158
169
134
120
107
105
105
110
110
101
103
115
124
124
125
125
135
138
140
144
141
140
143
152
146
111
97
98
104
112
105
99
101
99
107
152
170
158
157
162
163
162
161
160
164
167
169
166
163
165
168
170
167
161
163
164
164
163
161
163
165
166
166
162
167
177
111
109
111
122
129
139
137
131
144
148
150
151
148
150
158
158
157
160
152
150
154
161
151
112
91
94
115
132
121
125
122
109
135
176
168
162
165
168
168
165
164
163
166
167
166
163
163
165
166
167
163
155
162
165
162
159
163
167
166
169
164
158
166
163
144
143
143
153
155
152
155
158
160
160
165
164
157
160
162
160
162
157
155
159
160
161
154
123
109
111
122
128
126
127
127
125
157
180
165
164
167
171
168
164
163
165
166
166
162
160
161
164
163
163
161
160
169
166
160
157
164
169
164
159
151
148
150
146
154
151
154
158
158
155
153
154
157
159
161
160
159
159
162
161
159
157
157
161
161
163
154
128
116
113
120
123
124
127
128
135
160
166
160
163
165
166
167
159
160
164
164
163
154
158
163
165
160
158
155
159
163
156
151
152
153
151
149
144
139
140
138
137
157
154
158
159
159
157
154
156
158
159
158
157
159
161
162
161
159
157
159
161
161
160
154
131
118
110
113
114
115
120
128
136
153
156
155
159
162
162
163
156
158
163
162
156
152
157
157
155
152
150
146
147
147
142
139
142
144
143
139
132
130
132
131
131
153
156
161
162
160
159
158
160
162
162
159
158
159
161
160
159
157
155
158
160
158
154
149
140
122
108
105
105
107
114
123
135
142
146
147
159
162
161
159
152
154
158
155
147
147
151
148
146
143
138
136
137
134
130
128
134
133
129
125
120
119
121
116
115
159
162
164
163
163
159
162
165
165
164
158
158
157
159
158
156
153
152
156
156
154
150
146
139
114
101
97
92
94
105
116
130
141
140
131
139
150
154
150
146
147
147
142
136
137
137
136
132
129
125
124
124
122
121
117
114
114
111
109
102
96
101
99
99
164
165
164
166
160
157
160
164
165
161
155
158
157
158
159
155
152
153
156
153
154
146
131
119
101
87
80
75
82
94
110
125
134
123
105
112
121
129
136
142
143
136
130
126
122
119
116
112
106
104
108
106
100
94
95
94
93
95
95
85
84
92
93
90
159
160
160
157
152
149
157
158
155
151
151
151
151
153
152
147
146
148
149
147
139
119
105
106
105
87
70
69
74
81
100
105
102
98
100
98
105
111
117
133
134
121
115
106
103
106
97
98
92
89
96
94
91
87
82
94
96
93
93
90
87
89
88
87
152
153
152
148
142
143
146
149
146
144
145
144
145
147
142
136
138
141
147
144
120
90
97
120
131
94
76
77
77
80
91
92
90
94
99
102
103
103
101
110
115
111
105
97
95
97
97
92
90
91
92
93
92
89
86
92
95
93
92
86
86
88
85
88
142
143
143
140
135
136
138
140
139
138
139
138
142
141
131
124
128
130
136
128
100
77
106
148
143
100
83
82
80
82
84
86
89
92
95
99
100
100
99
102
105
104
101
96
94
96
97
95
91
91
92
95
94
89
88
93
96
97
93
84
86
88
88
90
131
131
132
135
132
131
133
134
133
129
130
129
130
130
119
113
116
115
110
98
81
72
104
150
130
98
86
82
81
80
82
85
89
93
93
96
97
98
97
97
99
98
97
95
96
97
96
96
91
88
90
91
92
89
87
95
95
95
94
89
84
88
91
91
126
125
123
129
124
123
127
129
125
119
115
118
112
112
107
103
103
101
101
89
76
70
92
119
111
93
84
83
81
78
81
86
94
104
103
101
96
93
90
92
90
88
94
93
96
97
96
93
87
78
87
92
92
91
92
99
99
97
99
95
88
89
93
93
117
116
114
114
110
109
109
109
102
98
99
100
93
98
97
97
98
100
101
100
79
67
80
95
107
97
85
84
83
80
82
86
99
121
119
113
104
97
92
92
88
83
91
93
95
95
94
93
88
85
91
92
94
95
98
110
112
105
102
97
92
92
95
96
102
102
102
100
93
92
97
96
94
86
86
89
88
93
95
95
97
99
105
103
79
70
74
83
88
89
83
85
86
83
82
86
100
120
119
114
112
105
90
93
88
80
88
94
96
95
95
93
91
88
91
94
97
99
103
112
113
108
101
98
96
96
97
97
94
93
90
89
86
85
93
93
94
92
92
95
87
90
97
96
100
104
118
113
72
62
68
77
80
83
81
83
84
81
81
83
89
99
99
96
101
92
75
96
93
83
94
103
102
99
97
95
93
91
91
98
102
102
105
114
114
107
102
99
98
99
98
98
91
90
88
85
86
88
91
91
93
93
97
102
94
94
95
95
99
107
119
112
73
60
66
74
77
79
79
81
81
80
79
79
80
86
86
85
81
74
75
93
91
87
111
121
116
107
101
97
94
91
95
99
103
104
104
110
112
106
102
100
99
100
100
99
91
91
90
88
88
89
90
92
94
96
99
103
98
96
96
92
98
107
119
104
80
67
69
74
76
76
78
79
80
80
78
77
78
80
82
80
71
69
79
86
86
91
113
137
129
111
104
98
96
92
96
101
103
104
99
99
106
104
102
103
101
103
103
101
96
94
93
93
87
88
90
93
97
99
103
105
101
98
103
99
101
105
111
107
82
66
68
76
76
76
78
81
81
81
80
76
77
80
85
81
68
72
78
82
85
91
115
137
128
115
105
102
97
90
97
105
105
104
99
98
104
105
107
110
105
108
106
101
97
96
97
99
86
87
92
95
99
100
101
103
102
101
107
105
102
96
90
92
77
65
69
78
76
76
79
80
80
79
80
79
78
78
85
82
73
70
71
76
80
80
108
130
126
118
107
104
98
92
100
112
109
108
104
100
105
105
107
108
104
107
100
94
95
96
98
98
93
94
97
100
101
100
98
103
104
107
107
104
103
88
72
79
74
67
68
75
74
76
78
79
80
80
82
81
77
75
80
84
76
68
62
69
76
77
97
111
112
112
106
100
97
95
103
116
112
108
105
96
96
95
99
100
96
96
88
86
98
100
101
98
97
100
104
104
104
100
99
102
103
111
108
104
108
84
70
73
71
65
66
72
74
76
77
77
78
81
84
80
77
76
80
84
77
67
60
64
72
77
91
93
98
104
103
94
93
94
100
105
103
97
90
83
89
90
90
95
94
92
91
91
103
104
105
101
98
103
106
103
104
99
95
100
102
106
107
104
104
82
73
73
68
63
67
72
77
75
75
76
78
79
79
79
77
74
75
79
77
73
69
66
67
70
73
79
90
98
100
92
92
88
95
97
99
96
92
95
99
100
99
98
98
100
100
99
104
109
109
106
101
110
111
105
106
103
99
103
104
107
109
105
101
84
77
74
69
63
67
73
76
75
75
76
79
79
77
78
78
77
74
77
82
81
76
70
66
66
66
78
86
96
103
101
99
97
103
107
108
105
102
107
112
111
111
107
106
109
111
110
112
113
112
111
108
114
114
113
112
106
104
107
109
109
112
108
101
84
78
75
70
65
67
73
75
74
74
76
76
78
78
80
79
79
74
74
82
87
81
74
65
65
68
77
87
105
115
112
109
109
115
117
121
124
117
114
116
118
120
119
116
117
118
116
115
116
116
116
113
114
116
119
115
109
108
115
115
110
114
107
97
83
78
75
69
66
68
73
74
72
72
73
74
77
76
77
77
77
76
73
76
82
80
74
67
64
66
77
87
103
128
122
117
115
119
127
128
129
125
123
124
125
124
123
121
120
122
121
120
121
122
119
113
113
116
119
111
108
106
110
110
103
103
98
85
83
79
76
70
66
68
73
74
75
74
73
75
79
79
79
76
75
75
74
75
78
80
76
70
66
68
79
88
98
125
129
122
116
126
136
138
134
131
130
131
132
127
122
123
126
123
120
116
122
122
112
108
107
104
104
103
99
99
98
96
96
98
92
81
82
79
76
72
68
67
73
76
77
76
73
75
79
82
79
76
74
73
71
72
75
82
83
72
64
69
80
89
101
127
139
131
133
140
142
145
138
134
133
131
131
128
124
125
128
126
121
101
105
99
95
93
97
89
95
98
95
95
96
96
99
101
98
89
86
83
80
72
68
66
71
75
76
77
75
73
75
81
79
77
76
73
70
70
74
81
82
75
67
71
81
89
99
131
150
138
136
140
142
142
136
132
132
131
129
127
125
124
126
124
121
93
95
91
90
92
99
99
101
103
102
105
108
107
107
112
104
94
89
85
80
69
65
67
72
75
76
77
75
72
74
79
79
79
78
76
71
68
71
74
77
76
70
72
81
91
96
122
151
139
135
141
136
134
132
128
129
129
128
126
125
123
126
124
122
96
100
102
104
107
113
113
112
114
113
114
119
116
118
122
110
82
82
80
75
64
64
68
73
75
76
76
74
74
75
76
78
76
77
79
77
69
67
69
74
72
67
71
81
91
89
115
147
137
131
140
137
132
126
122
127
129
127
127
127
126
128
127
126
105
108
114
114
116
122
120
123
127
119
117
121
121
121
130
118
82
84
80
71
67
66
69
75
77
77
75
75
76
76
75
74
77
82
82
81
75
70
69
69
66
64
69
77
83
83
103
136
130
127
137
137
133
127
121
127
132
135
133
131
131
135
133
132
113
116
120
119
120
127
125
122
123
115
117
123
123
125
135
120
86
82
79
72
70
71
82
81
78
79
79
78
79
78
76
74
78
83
83
84
82
75
71
66
63
62
66
74
77
79
81
111
125
130
137
140
138
135
128
132
140
146
143
138
136
141
140
136
115
116
116
118
122
129
126
125
124
116
118
122
124
125
128
116
87
74
74
73
73
82
100
81
72
78
80
82
82
79
75
73
77
81
83
85
84
78
72
66
64
62
65
70
70
77
87
108
131
135
143
148
147
145
143
146
151
154
149
139
140
145
144
139
115
116
114
115
118
124
123
122
119
115
118
121
121
120
118
107
82
70
64
66
74
107
125
82
72
75
78
82
81
79
77
76
77
78
79
79
80
79
75
73
66
61
64
65
66
73
87
123
152
145
151
156
155
153
150
153
158
158
154
149
149
152
150
143
110
112
112
110
113
118
118
118
116
114
117
118
116
116
112
98
70
56
47
59
82
107
120
96
77
76
77
79
79
79
78
76
76
73
72
73
78
78
74
74
65
57
65
63
57
58
80
140
167
156
157
159
159
154
151
156
159
161
159
155
158
159
157
152
110
111
112
109
112
116
117
117
116
115
117
117
117
119
117
106
67
42
43
69
99
113
114
115
83
69
68
71
72
72
74
70
68
65
64
66
67
67
67
63
56
50
67
58
43
41
70
133
163
159
161
160
158
149
145
157
161
162
163
157
160
163
162
160
112
112
112
113
115
119
120
119
119
118
121
126
125
129
144
136
79
38
47
86
126
128
128
133
80
54
56
61
63
61
56
55
52
52
53
54
55
53
51
50
47
45
55
49
37
36
59
134
165
160
162
159
158
151
150
163
165
165
163
160
163
167
166
168
115
118
116
114
120
126
126
126
126
126
131
138
132
138
147
143
89
39
51
108
140
133
144
143
71
53
54
55
60
56
45
42
40
40
38
37
42
44
45
45
42
43
43
39
34
39
54
118
152
155
160
158
159
156
157
167
169
170
166
160
163
166
163
162
123
127
126
128
127
137
136
135
133
132
142
156
152
145
145
135
76
39
59
133
149
140
160
146
79
63
68
64
61
56
44
38
38
36
35
35
39
43
46
47
45
43
39
35
34
37
49
96
145
154
160
160
161
157
158
167
173
172
163
152
155
157
157
156
139
134
135
134
139
148
146
142
138
138
149
159
159
154
147
127
62
42
83
162
155
146
163
134
72
66
80
79
66
55
45
40
40
42
41
41
43
46
51
51
49
45
40
36
34
36
41
73
130
162
161
161
162
158
157
160
163
164
155
148
149
149
148
147
153
141
139
141
149
155
151
148
145
147
152
156
161
160
153
119
52
45
101
170
152
148
158
116
62
66
77
78
64
54
45
39
41
53
52
42
43
48
53
55
51
45
41
36
35
35
34
53
107
159
165
161
157
155
154
154
153
154
151
147
147
141
142
141
152
146
144
147
151
155
155
154
150
151
155
157
156
154
153
115
51
58
122
175
156
153
153
112
68
66
69
68
58
52
46
40
56
103
95
48
43
45
49
53
54
50
45
37
36
40
37
47
100
158
160
155
152
149
148
148
148
148
149
148
148
143
144
143
153
151
149
151
157
160
159
155
150
148
149
147
143
145
148
116
51
63
127
173
159
144
137
108
69
64
66
64
53
48
47
44
80
157
132
44
40
44
49
53
55
51
48
41
50
56
39
42
96
154
154
150
148
143
144
148
145
145
149
152
150
147
145
140
154
151
148
153
161
162
159
155
148
144
144
141
142
145
147
127
67
54
102
141
139
131
126
103
65
58
64
62
52
44
41
38
88
182
154
50
36
44
49
55
56
53
51
46
66
63
40
52
101
147
149
149
150
148
147
147
147
150
155
154
153
147
141
135
150
147
138
146
156
159
158
156
147
143
135
129
143
152
152
144
103
71
77
114
125
128
133
107
64
59
61
62
56
46
39
39
89
170
162
73
41
45
49
59
59
55
55
58
86
65
44
71
107
138
144
150
154
149
145
143
143
149
152
154
150
139
135
128
145
142
129
141
153
156
157
156
144
144
139
133
147
156
156
166
144
127
115
120
119
132
148
121
62
60
60
60
56
49
44
45
86
139
153
99
46
44
51
63
64
62
62
68
89
77
67
99
117
130
133
136
142
139
139
135
133
135
134
137
135
131
128
123
140
127
119
137
148
153
152
147
138
144
144
144
152
154
151
164
163
158
142
128
125
136
162
130
64
61
62
61
57
49
46
51
93
134
147
116
53
44
54
63
68
69
69
76
102
105
94
105
114
114
120
123
125
128
132
127
125
123
117
123
127
127
125
122
138
120
122
139
147
151
144
141
141
146
145
145
150
144
130
146
152
157
156
135
128
135
158
121
63
65
68
66
62
55
46
58
120
136
141
128
64
41
55
62
68
70
73
80
116
128
115
112
113
113
117
118
114
116
124
123
122
119
117
121
124
124
125
124
151
142
141
142
142
140
141
141
145
149
145
146
148
134
120
136
142
152
166
146
138
146
146
110
59
67
74
71
66
60
49
66
136
134
136
140
77
38
50
63
69
73
76
82
116
130
121
108
109
114
117
117
110
110
117
118
119
116
116
121
123
124
125
122
154
146
145
145
141
134
143
153
153
149
147
151
152
136
132
143
141
152
159
141
146
161
150
113
66
69
74
72
67
61
55
80
134
130
127
129
85
47
49
60
69
74
79
86
105
123
119
109
110
114
116
117
112
112
117
119
117
116
117
122
125
127
128
122
150
146
146
146
145
142
155
166
152
153
154
154
136
127
140
154
138
133
131
122
131
144
145
123
70
71
77
78
72
60
57
100
136
122
121
120
91
55
45
59
68
74
81
88
106
124
120
116
117
118
118
119
117
117
120
121
119
117
118
122
124
124
122
118
146
143
143
144
149
156
163
155
148
156
154
142
123
113
133
140
130
121
117
110
124
131
138
125
70
71
79
80
76
63
61
101
130
122
120
113
99
74
48
58
68
74
83
89
107
124
121
119
120
122
122
121
121
122
124
125
123
121
119
124
125
123
114
113
136
136
139
140
143
149
146
134
136
149
139
130
118
112
122
127
126
121
112
110
122
127
136
120
68
73
83
77
73
58
57
99
120
118
117
113
112
98
55
50
66
76
82
89
107
125
121
118
122
126
124
123
122
124
126
127
125
123
122
124
125
125
121
115
124
123
129
132
128
122
126
122
119
128
126
124
121
119
122
123
124
123
114
110
120
126
128
114
78
69
84
81
70
59
58
104
125
123
121
118
119
108
58
47
60
74
79
82
103
125
122
122
126
128
126
122
120
123
126
125
122
120
122
125
125
123
115
112
122
122
126
129
125
124
126
121
120
122
124
123
123
121
123
124
126
124
119
115
121
124
123
116
79
68
78
79
72
63
63
112
139
127
126
123
130
125
71
50
56
75
82
83
101
128
125
124
127
128
127
119
119
122
127
119
116
115
120
125
125
116
103
102
124
125
127
128
127
127
125
124
126
127
127
128
126
124
126
128
129
127
123
123
126
126
127
124
80
66
76
77
69
61
68
119
143
129
128
123
131
135
100
57
56
72
80
86
99
119
119
124
124
124
123
117
114
118
119
110
105
103
104
111
104
96
85
86
124
126
129
130
128
128
126
127
130
130
130
132
128
128
129
130
131
131
125
128
129
129
132
132
81
66
74
74
70
68
69
122
144
132
128
124
130
135
108
65
55
65
75
84
96
113
115
115
113
112
111
107
104
103
99
96
85
74
93
91
82
83
77
74
124
128
129
129
129
127
125
127
130
131
130
129
126
130
132
132
132
129
126
129
131
133
133
134
75
61
74
77
69
65
67
124
139
130
128
120
129
129
115
69
51
61
72
79
89
100
102
101
102
101
98
93
96
94
93
93
82
71
90
95
92
92
90
87
127
129
128
130
129
124
125
130
131
131
129
128
126
130
133
132
132
128
127
129
132
132
131
133
68
48
68
79
78
65
68
120
129
129
125
112
113
110
106
69
49
55
68
76
84
88
89
94
95
94
96
95
96
98
103
101
93
93
98
101
107
103
103
103
126
127
129
131
130
125
126
133
133
132
130
128
128
131
133
132
131
128
126
130
129
128
129
123
70
54
67
73
71
63
72
111
113
110
100
99
99
92
94
76
54
52
64
76
82
88
92
96
100
103
103
103
105
105
111
109
106
108
107
108
113
109
109
109
130
130
132
134
134
127
129
134
134
133
132
129
131
134
131
130
127
125
126
133
125
122
124
104
68
62
67
68
64
62
74
102
104
99
95
97
99
100
104
100
68
53
57
70
75
86
94
98
109
114
108
110
110
110
108
109
110
113
115
111
109
108
113
115
136
137
135
134
134
128
133
136
135
135
134
130
134
133
124
123
121
111
114
113
110
105
103
88
57
60
65
63
62
60
77
104
110
108
106
106
104
110
117
112
76
46
44
49
63
75
82
96
105
110
110
116
115
114
111
111
113
115
117
115
110
113
115
117
137
138
138
134
126
122
129
132
127
128
125
125
133
120
107
105
104
93
103
97
101
104
101
89
61
58
62
61
59
50
82
120
120
112
110
111
112
114
116
108
82
50
47
48
56
67
75
98
105
109
111
118
118
117
114
113
117
118
119
121
123
128
124
123
126
125
118
118
112
110
111
111
108
106
97
123
133
108
93
103
108
107
109
107
114
121
117
101
63
52
52
52
53
47
85
125
118
114
115
116
115
115
112
111
96
63
48
45
47
57
73
95
105
113
117
119
121
122
121
121
124
124
125
127
130
134
131
129
107
109
107
91
84
94
96
98
100
100
98
123
130
110
107
114
116
123
117
115
119
120
121
102
52
45
45
46
52
54
86
116
116
116
118
119
118
117
114
115
103
65
49
45
42
48
63
89
107
124
125
126
127
128
129
130
131
131
130
131
134
135
135
135
104
107
105
97
102
115
116
108
109
108
111
120
121
118
116
117
121
123
119
117
118
114
119
102
50
43
45
48
52
62
98
119
115
118
120
122
121
122
122
124
120
66
48
45
40
42
55
87
113
139
134
132
134
133
134
136
135
135
136
137
139
136
137
137
115
111
108
109
118
132
129
114
113
116
118
122
123
119
116
118
120
123
122
119
117
113
120
99
53
47
49
51
52
58
103
125
122
124
126
127
129
130
129
133
138
91
55
44
42
44
55
83
119
145
138
136
137
137
137
137
138
137
139
141
141
140
139
138
119
113
111
122
126
131
124
117
116
118
121
124
125
123
118
116
120
123
124
123
120
117
117
101
58
47
51
53
54
65
113
133
130
131
132
133
135
136
134
135
143
116
64
48
44
45
52
75
119
153
144
141
140
140
140
141
141
141
141
140
141
143
141
142
120
110
108
119
123
127
122
117
115
116
120
122
123
124
120
118
123
125
125
126
125
124
124
108
65
51
53
54
57
73
126
148
139
136
137
136
137
138
137
136
140
119
65
48
48
45
48
64
108
145
148
144
143
144
143
144
143
143
142
140
142
144
146
147
121
112
112
117
120
123
123
120
121
122
123
125
126
126
127
128
129
128
128
130
130
132
137
123
76
54
55
54
57
73
128
146
140
138
138
138
138
140
140
139
145
122
64
50
49
43
44
54
92
122
145
145
144
143
144
147
147
146
145
144
146
148
150
150
122
120
124
125
124
124
125
126
129
129
130
129
128
131
133
133
135
134
132
133
134
136
142
136
79
60
58
56
58
76
131
143
142
141
139
141
141
142
143
141
145
131
73
51
50
48
49
49
75
111
148
145
147
148
151
153
152
151
151
151
152
154
156
157
127
128
130
131
132
134
131
131
135
134
134
134
133
135
138
137
137
136
136
136
136
135
136
134
83
60
60
54
57
81
125
142
141
139
139
140
142
143
144
142
145
141
85
50
51
50
52
51
65
100
145
149
152
155
158
159
157
159
161
160
162
162
165
166
132
134
135
133
134
135
135
135
137
136
136
136
137
136
137
138
136
136
137
137
137
135
134
135
93
60
58
56
55
77
122
134
139
139
141
142
144
146
146
145
148
148
92
42
49
51
56
59
68
94
144
159
158
159
163
164
163
165
168
165
166
164
169
172
134
136
136
135
135
135
137
138
137
137
139
137
138
137
136
137
135
135
135
136
136
135
134
138
115
68
56
56
61
79
126
139
141
142
144
144
148
150
149
148
152
160
103
47
50
50
56
60
68
84
146
174
163
164
167
167
167
165
167
163
161
161
162
163
137
136
137
136
137
137
140
140
139
138
140
140
140
138
136
137
136
135
136
136
135
137
136
138
126
77
57
56
61
80
128
149
147
147
149
149
151
153
154
156
158
170
119
53
50
48
50
54
59
77
138
163
162
159
160
162
162
162
161
159
159
159
160
159
139
139
138
138
138
140
141
142
142
140
141
141
141
142
140
140
140
139
139
138
138
140
140
139
120
74
59
54
58
75
123
153
155
156
158
159
158
157
159
162
159
167
146
78
51
51
50
51
56
68
118
150
155
155
157
159
160
161
160
158
158
160
160
160
139
139
140
141
140
142
142
143
143
142
142
141
143
145
146
146
146
146
146
145
146
147
148
127
93
64
55
53
55
62
107
164
168
166
165
162
161
161
159
158
154
158
152
112
73
65
58
57
71
81
115
153
155
154
157
159
163
164
161
161
160
159
161
162
140
141
143
144
143
145
146
143
145
146
146
148
149
151
151
153
153
155
156
155
154
159
156
103
55
53
52
53
53
54
102
168
169
159
158
157
155
154
151
151
150
150
147
136
106
72
63
67
81
107
130
156
153
153
156
158
161
162
161
160
160
160
161
162
143
145
146
147
150
152
153
155
155
155
154
156
159
161
160
162
163
165
166
163
162
164
163
104
63
73
67
64
65
59
105
158
153
150
150
151
150
150
149
148
148
147
145
151
128
80
69
75
93
125
149
157
150
150
154
155
157
158
159
159
159
160
160
161
149
149
151
154
156
157
159
162
166
167
166
164
169
172
167
165
163
160
162
158
156
156
158
111
94
109
106
93
83
82
120
146
144
145
146
148
147
146
146
146
144
142
141
145
130
91
73
75
93
116
137
143
140
144
149
151
155
156
157
158
158
158
159
160
154
155
158
163
165
162
163
164
170
171
167
163
165
162
160
156
154
148
147
148
146
145
142
125
126
136
129
114
97
106
137
141
140
141
144
144
143
143
143
141
139
138
137
132
123
107
90
84
84
93
109
125
129
135
143
151
154
155
156
156
157
156
158
158
161
159
160
167
171
162
161
161
162
160
158
156
154
153
150
144
146
145
143
144
142
139
134
129
129
134
125
114
111
120
134
138
137
140
142
142
142
143
143
141
139
138
137
133
129
125
119
113
103
98
99
109
118
122
141
152
154
156
156
156
155
155
156
158
159
157
158
157
155
154
154
154
152
150
149
150
150
148
146
144
145
144
143
142
139
133
129
124
123
123
114
105
116
128
134
139
140
139
141
142
142
143
144
144
143
142
142
141
141
141
145
147
137
131
127
129
132
132
146
153
156
156
157
155
152
158
158
158
151
153
152
152
151
150
151
152
152
150
150
150
150
148
147
148
147
144
142
141
140
133
117
115
119
117
114
113
128
139
143
146
145
144
145
146
146
146
147
148
148
149
150
149
151
155
157
159
159
159
154
152
151
153
159
158
159
159
157
157
155
158
159
159
151
151
150
150
151
151
150
152
154
154
153
153
152
150
150
150
149
147
144
143
142
134
116
113
116
117
124
134
146
152
154
155
151
148
150
151
151
150
152
153
153
155
155
153
155
157
157
158
161
159
157
158
158
160
161
160
162
162
161
159
158
159
160
161
152
152
151
152
153
152
151
154
154
154
154
154
152
152
152
151
150
149
148
148
147
144
137
135
136
138
143
149
152
155
157
158
154
153
155
156
153
154
155
156
156
155
155
154
156
157
158
159
158
156
157
158
159
162
163
162
164
163
163
161
161
160
160
160
155
154
153
153
153
154
153
154
155
155
156
155
155
156
155
153
154
152
151
153
152
153
154
156
157
154
153
155
154
154
157
159
157
157
157
158
157
158
157
158
158
158
156
156
157
158
158
159
159
157
157
159
162
164
164
163
164
163
163
162
163
161
161
161
155
154
154
153
154
155
155
155
156
157
157
156
157
157
155
154
154
153
153
154
155
157
159
158
157
156
156
155
156
155
158
159
158
157
157
158
160
158
158
159
159
160
159
157
159
159
159
161
160
159
157
158
161
163
164
164
165
164
162
162
163
163
164
163
156
155
155
154
155
156
155
157
159
159
159
158
157
158
157
155
154
154
155
155
156
158
159
158
158
157
156
156
158
160
160
158
158
158
159
159
159
158
158
159
159
160
159
160
160
160
162
161
164
161
157
156
159
164
165
165
166
165
164
165
164
161
162
162
157
157
157
158
157
156
158
158
161
162
161
160
158
159
158
156
157
157
157
156
157
158
158
160
160
160
160
160
162
161
160
159
159
161
161
161
160
158
159
160
161
162
161
162
161
161
162
163
167
160
157
158
161
166
166
166
167
166
165
165
161
160
160
162
159
159
159
160
159
156
158
159
162
162
164
161
161
161
159
159
159
159
159
157
157
157
159
160
160
161
161
161
160
161
160
158
159
161
162
161
162
160
161
162
162
162
162
162
162
162
162
161
163
161
160
161
163
165
165
165
167
165
165
162
160
159
161
161
161
161
161
161
162
160
159
162
162
162
165
163
163
161
160
160
159
158
159
158
156
156
159
160
162
162
161
161
159
160
161
160
158
160
163
162
161
161
162
165
164
162
162
162
163
163
163
162
162
162
161
162
163
164
164
164
165
165
165
163
162
162
162
161
162
162
163
162
161
161
161
162
161
160
162
164
163
159
159
160
159
158
159
159
158
157
159
161
162
162
162
161
160
160
161
162
160
159
161
161
162
162
162
163
163
162
163
163
163
163
164
163
162
164
164
163
164
164
163
163
165
166
166
163
163
163
163
163
163
163
163
163
161
159
160
160
159
159
160
160
161
159
159
159
158
158
158
159
158
160
161
162
163
163
162
161
162
161
162
162
161
160
161
162
161
160
160
162
162
163
163
163
165
165
164
164
165
166
165
165
165
164
164
165
166
166
166
164
164
164
162
163
163
162
164
164
162
160
160
161
162
159
160
160
159
159
161
160
159
161
160
161
161
159
162
163
162
162
162
161
162
163
163
162
162
161
162
163
162
159
161
162
164
164
164
163
165
166
165
165
166
166
166
164
164
164
165
166
166
166
165
165
165
165
165
166
164
163
163
163
162
161
161
160
159
159
159
159
159
160
161
160
160
160
160
163
162
160
161
161
161
162
161
161
162
163
163
162
163
162
161
163
163
162
162
163
164
165
165
164
163
164
166
166
166
166
165
164
164
165
166
167
168
166
165
166
166
167
168
168
164
162
160
160
160
161
160
159
157
157
158
158
160
160
161
160
161
161
161
162
162
161
161
161
163
162
160
160
162
163
163
164
164
162
163
163
163
162
163
165
166
166
166
164
164
166
167
167
166
165
164
164
164
164
165
166
166
165
165
166
166
168
169
168
163
161
159
160
161
160
160
160
159
158
159
160
160
161
161
160
162
163
162
162
162
161
161
162
163
162
161
161
163
164
163
165
164
164
165
165
165
164
164
166
167
166
166
165
167
168
166
166
166
165
164
163
164
165
166
168
168
167
166
167
166
167
167
167
160
161
161
160
162
161
160
160
160
159
160
161
162
162
161
161
161
163
163
162
163
160
160
162
163
163
162
163
164
165
165
166
165
165
165
165
165
165
165
166
167
168
168
166
167
167
166
165
165
164
163
162
164
164
165
167
167
166
166
166
166
167
167
166
161
161
162
163
163
162
162
162
161
160
161
163
165
165
163
161
161
162
162
163
163
161
161
164
165
163
163
164
164
165
165
166
166
166
167
166
165
166
166
167
167
168
168
166
167
168
168
166
165
166
165
165
167
166
166
167
167
167
169
168
167
167
168
167
163
162
163
164
165
165
165
163
163
162
163
163
164
164
165
163
163
162
163
163
163
164
164
164
165
164
165
166
166
166
166
167
167
167
167
166
166
166
166
168
168
169
169
167
168
169
169
168
166
167
168
169
168
167
167
168
168
166
169
168
169
168
170
170
165
165
166
166
166
167
168
167
166
164
163
164
164
164
165
164
164
165
165
166
164
166
166
165
166
167
166
165
165
166
167
167
167
167
167
166
165
167
166
168
169
169
170
169
170
170
171
171
170
170
169
170
168
169
169
168
169
167
168
167
168
168
170
171
166
166
168
169
170
171
171
169
168
164
163
165
166
167
167
165
166
167
167
167
167
165
164
166
167
168
168
165
166
167
168
168
168
168
167
167
167
167
167
170
170
170
172
171
170
172
174
172
172
171
168
168
169
170
171
171
171
168
167
167
169
170
171
172
166
168
168
168
170
171
170
168
167
165
164
164
166
167
166
166
165
165
168
167
166
164
164
165
166
167
167
167
167
168
168
168
168
168
166
165
170
168
167
169
170
170
171
171
170
171
172
171
170
170
168
168
168
168
169
169
169
169
168
168
169
170
170
172
165
167
168
168
170
170
168
168
166
165
165
165
165
166
166
166
165
166
167
167
166
165
165
165
166
166
165
167
167
167
168
167
167
166
165
165
170
170
168
169
169
168
169
169
169
170
171
169
169
168
168
168
168
168
169
170
170
170
169
169
169
169
170
172
